DateID,Day,Month,Quarter,Year
2015-01-02,2,1,1,2015
2015-01-05,5,1,1,2015
2015-01-06,6,1,1,2015
2015-01-07,7,1,1,2015
2015-01-08,8,1,1,2015
2015-01-09,9,1,1,2015
2015-01-12,12,1,1,2015
2015-01-13,13,1,1,2015
2015-01-15,15,1,1,2015
2015-01-16,16,1,1,2015
2015-01-19,19,1,1,2015
2015-01-20,20,1,1,2015
2015-01-21,21,1,1,2015
2015-01-22,22,1,1,2015
2015-01-23,23,1,1,2015
2015-01-27,27,1,1,2015
2015-01-28,28,1,1,2015
2015-01-29,29,1,1,2015
2015-01-30,30,1,1,2015
2015-02-02,2,2,1,2015
2015-02-03,3,2,1,2015
2015-02-04,4,2,1,2015
2015-02-05,5,2,1,2015
2015-02-06,6,2,1,2015
2015-02-09,9,2,1,2015
2015-02-10,10,2,1,2015
2015-02-11,11,2,1,2015
2015-02-12,12,2,1,2015
2015-02-13,13,2,1,2015
2015-02-16,16,2,1,2015
2015-02-17,17,2,1,2015
2015-02-18,18,2,1,2015
2015-02-19,19,2,1,2015
2015-02-20,20,2,1,2015
2015-02-23,23,2,1,2015
2015-02-24,24,2,1,2015
2015-02-25,25,2,1,2015
2015-02-26,26,2,1,2015
2015-02-27,27,2,1,2015
2015-03-02,2,3,1,2015
2015-03-03,3,3,1,2015
2015-03-04,4,3,1,2015
2015-03-06,6,3,1,2015
2015-03-09,9,3,1,2015
2015-03-10,10,3,1,2015
2015-03-11,11,3,1,2015
2015-03-12,12,3,1,2015
2015-03-13,13,3,1,2015
2015-03-16,16,3,1,2015
2015-03-17,17,3,1,2015
2015-03-18,18,3,1,2015
2015-03-19,19,3,1,2015
2015-03-20,20,3,1,2015
2015-03-23,23,3,1,2015
2015-03-24,24,3,1,2015
2015-03-25,25,3,1,2015
2015-03-26,26,3,1,2015
2015-03-27,27,3,1,2015
2015-03-30,30,3,1,2015
2015-03-31,31,3,1,2015
2015-04-01,1,4,2,2015
2015-04-02,2,4,2,2015
2015-04-03,3,4,2,2015
2015-04-06,6,4,2,2015
2015-04-07,7,4,2,2015
2015-04-08,8,4,2,2015
2015-04-09,9,4,2,2015
2015-04-10,10,4,2,2015
2015-04-13,13,4,2,2015
2015-04-14,14,4,2,2015
2015-04-15,15,4,2,2015
2015-04-16,16,4,2,2015
2015-04-17,17,4,2,2015
2015-04-20,20,4,2,2015
2015-04-21,21,4,2,2015
2015-04-22,22,4,2,2015
2015-04-23,23,4,2,2015
2015-04-24,24,4,2,2015
2015-04-27,27,4,2,2015
2015-04-28,28,4,2,2015
2015-04-29,29,4,2,2015
2015-04-30,30,4,2,2015
2015-05-04,4,5,2,2015
2015-05-05,5,5,2,2015
2015-05-06,6,5,2,2015
2015-05-07,7,5,2,2015
2015-05-08,8,5,2,2015
2015-05-11,11,5,2,2015
2015-05-12,12,5,2,2015
2015-05-13,13,5,2,2015
2015-05-14,14,5,2,2015
2015-05-15,15,5,2,2015
2015-05-18,18,5,2,2015
2015-05-19,19,5,2,2015
2015-05-20,20,5,2,2015
2015-05-21,21,5,2,2015
2015-05-22,22,5,2,2015
2015-05-25,25,5,2,2015
2015-05-26,26,5,2,2015
2015-05-27,27,5,2,2015
2015-05-28,28,5,2,2015
2015-05-29,29,5,2,2015
2015-06-01,1,6,2,2015
2015-06-02,2,6,2,2015
2015-06-03,3,6,2,2015
2015-06-04,4,6,2,2015
2015-06-05,5,6,2,2015
2015-06-08,8,6,2,2015
2015-06-09,9,6,2,2015
2015-06-10,10,6,2,2015
2015-06-11,11,6,2,2015
2015-06-12,12,6,2,2015
2015-06-15,15,6,2,2015
2015-06-16,16,6,2,2015
2015-06-17,17,6,2,2015
2015-06-18,18,6,2,2015
2015-06-19,19,6,2,2015
2015-06-22,22,6,2,2015
2015-06-23,23,6,2,2015
2015-06-24,24,6,2,2015
2015-06-25,25,6,2,2015
2015-06-26,26,6,2,2015
2015-06-29,29,6,2,2015
2015-06-30,30,6,2,2015
2015-07-01,1,7,3,2015
2015-07-02,2,7,3,2015
2015-07-03,3,7,3,2015
2015-07-06,6,7,3,2015
2015-07-07,7,7,3,2015
2015-07-08,8,7,3,2015
2015-07-09,9,7,3,2015
2015-07-10,10,7,3,2015
2015-07-13,13,7,3,2015
2015-07-14,14,7,3,2015
2015-07-15,15,7,3,2015
2015-07-16,16,7,3,2015
2015-07-20,20,7,3,2015
2015-07-21,21,7,3,2015
2015-07-22,22,7,3,2015
2015-07-23,23,7,3,2015
2015-07-24,24,7,3,2015
2015-07-27,27,7,3,2015
2015-07-28,28,7,3,2015
2015-07-29,29,7,3,2015
2015-07-30,30,7,3,2015
2015-07-31,31,7,3,2015
2015-08-03,3,8,3,2015
2015-08-04,4,8,3,2015
2015-08-05,5,8,3,2015
2015-08-06,6,8,3,2015
2015-08-07,7,8,3,2015
2015-08-10,10,8,3,2015
2015-08-11,11,8,3,2015
2015-08-12,12,8,3,2015
2015-08-13,13,8,3,2015
2015-08-14,14,8,3,2015
2015-08-17,17,8,3,2015
2015-08-18,18,8,3,2015
2015-08-19,19,8,3,2015
2015-08-20,20,8,3,2015
2015-08-21,21,8,3,2015
2015-08-24,24,8,3,2015
2015-08-25,25,8,3,2015
2015-08-26,26,8,3,2015
2015-08-27,27,8,3,2015
2015-08-28,28,8,3,2015
2015-08-31,31,8,3,2015
2015-09-01,1,9,3,2015
2015-09-02,2,9,3,2015
2015-09-03,3,9,3,2015
2015-09-04,4,9,3,2015
2015-09-07,7,9,3,2015
2015-09-08,8,9,3,2015
2015-09-09,9,9,3,2015
2015-09-10,10,9,3,2015
2015-09-11,11,9,3,2015
2015-09-14,14,9,3,2015
2015-09-15,15,9,3,2015
2015-09-16,16,9,3,2015
2015-09-18,18,9,3,2015
2015-09-21,21,9,3,2015
2015-09-22,22,9,3,2015
2015-09-23,23,9,3,2015
2015-09-24,24,9,3,2015
2015-09-25,25,9,3,2015
2015-09-28,28,9,3,2015
2015-09-29,29,9,3,2015
2015-09-30,30,9,3,2015
2015-10-01,1,10,4,2015
2015-10-05,5,10,4,2015
2015-10-06,6,10,4,2015
2015-10-07,7,10,4,2015
2015-10-08,8,10,4,2015
2015-10-09,9,10,4,2015
2015-10-12,12,10,4,2015
2015-10-13,13,10,4,2015
2015-10-14,14,10,4,2015
2015-10-15,15,10,4,2015
2015-10-16,16,10,4,2015
2015-10-19,19,10,4,2015
2015-10-20,20,10,4,2015
2015-10-21,21,10,4,2015
2015-10-22,22,10,4,2015
2015-10-23,23,10,4,2015
2015-10-26,26,10,4,2015
2015-10-27,27,10,4,2015
2015-10-28,28,10,4,2015
2015-10-29,29,10,4,2015
2015-10-30,30,10,4,2015
2015-11-02,2,11,4,2015
2015-11-03,3,11,4,2015
2015-11-04,4,11,4,2015
2015-11-05,5,11,4,2015
2015-11-06,6,11,4,2015
2015-11-12,12,11,4,2015
2015-11-13,13,11,4,2015
2015-11-16,16,11,4,2015
2015-11-17,17,11,4,2015
2015-11-18,18,11,4,2015
2015-11-19,19,11,4,2015
2015-11-20,20,11,4,2015
2015-11-23,23,11,4,2015
2015-11-24,24,11,4,2015
2015-11-25,25,11,4,2015
2015-11-26,26,11,4,2015
2015-11-27,27,11,4,2015
2015-11-30,30,11,4,2015
2015-12-01,1,12,4,2015
2015-12-02,2,12,4,2015
2015-12-03,3,12,4,2015
2015-12-04,4,12,4,2015
2015-12-07,7,12,4,2015
2015-12-08,8,12,4,2015
2015-12-09,9,12,4,2015
2015-12-10,10,12,4,2015
2015-12-11,11,12,4,2015
2015-12-14,14,12,4,2015
2015-12-15,15,12,4,2015
2015-12-16,16,12,4,2015
2015-12-17,17,12,4,2015
2015-12-18,18,12,4,2015
2015-12-21,21,12,4,2015
2015-12-22,22,12,4,2015
2015-12-23,23,12,4,2015
2015-12-24,24,12,4,2015
2015-12-28,28,12,4,2015
2015-12-29,29,12,4,2015
2015-12-30,30,12,4,2015
2015-12-31,31,12,4,2015
